@tasks 10
T0 2 1(0) 3(0) 
T1 1 2(0) 
T2 1 8(0) 
T3 4 4(0) 5(0) 6(0) 7(0) 
T4 1 9(0) 
T5 1 8(0) 
T6 0 
T7 0 
T8 0 
T9 0 
@proc 4
203 0 1 
153 0 1 
1034 0 0 
1077 0 0 
@times 
574 588 86 3 
494 869 46 67 
146 885 89 61 
629 264 34 0 
831 52 34 31 
507 427 29 34 
345 798 26 74 
531 791 70 84 
315 394 78 73 
66 523 66 9 
@cost 
49 50 43 310 
17 15 375 311 
50 36 157 101 
42 65 71 169 
12 30 303 408 
33 29 387 292 
43 54 383 59 
21 49 212 174 
22 35 184 111 
36 8 172 188 
@comm 1
CHAN0 15 7 1 1 1 1 
